DPQS sort 1 1000
1087
1534
3449
TS sort 0 1000
36
43
77
TS sort 0 10000
754
889
1586
TS sort 0 50000
4745
5235
6243
TS sort 0 100000
10083
11143
13573
TS sort 0 500000
55120
59509
65507
TS sort 0 1000
37
50
74
TS sort 0 10000
782
900
1540
TS sort 0 50000
4605
5252
7146
TS sort 0 100000
10257
11106
13881
TS sort 0 500000
54886
61780
84791
TS sort 0 1000
36
45
71
TS sort 0 10000
762
895
1323
TS sort 0 50000
4872
5404
6883
TS sort 0 100000
10304
11506
20923
TS sort 0 500000
54318
59566
67611
TS sort 0 1000
36
50
150
TS sort 0 10000
782
889
1180
TS sort 0 50000
4861
5333
6179
TS sort 0 100000
9804
10990
15312
